779
350
501
581
457
930
988
94
188
104
397
729
848
532
265
48
361
623
845
519
24
355
1
92
389
347
731
629
343
500
618
38
55
144
39
748
193
872
25
95
760
746
323
100
309
937
804
855
789
163
266
135
752
483
178
780
26
757
63
157
716
102
377
496
959
174
215
491
315
477
128
583
953
971
582
572
796
152
592
759
316
325
319
387
812
924
438
693
157
716
214
572
357
322
33
147
990
601
761
947
300
352
771
368
264
873
115
641
152
346
260
206
825
81
624
344
99
396
927
239
534
773
560
780
859
590
2
444
630
647
280
658
393
367
894
519
692
276
445
601
201
555
343
923
738
9
587
348
661
125
927
903
284
239
608
251
149
129
179
460
303
874
9
219
247
1000
947
519
821
947
331
14
984
152
328
708
344
691
680
402
56
430
868
509
415
417
16
951
894
998
855
355
39
813
437
378
245
271
248
797
863
247
311
384
729
782
47
311
834
778
954
783
243
596
804
225
142
328
451
295
266
386
439
260
100
925
981
148
902
759
411
772
877
366
304
3
594
303
245
589
676
790
950
217
651
330
986
901
6
764
509
678
640
27
604
473
372
512
106
966
325
609
848
297
242
526
861
173
246
420
81
647
314
469
980
128
491
796
492
162
28
677
768
164
134
288
194
267
766
415
999
693
159
838
851
763
915
257
550
282
185
935
40
69
94
748
279
808
726
790
222
26
339
867
55
707
560
610
89
104
978
663
841
667
452
224
264
53
459
838
162
880
832
447
203
761
891
884
684
969
805
568
827
719
152
824
333
916
979
551
844
764
409
200
706
628
336
382
742
883
987
293
962
221
454
168
920
223
784
447
147
827
973
405
708
745
669
768
37
475
461
739
465
487
775
482
830
34
948
686
962
449
658
623
831
652
464
408
718
561
517
157
810
534
168
159
426
212
271
157
487
137
338
307
297
549
469
986
340
764
524
148
461
728
10
517
569
486
155
941
487
472
940
841
360
89
286
266
162
847
345
628
346
27
817
268
345
552
741
666
566
10
804
450
362
673
531
13
939
991
297
357
207
812
506
354
334
911
384
770
216
245
487
407
652
283
564
553
210
634
121
610
741
39
417
132
900
787
456
769
747
596
281
423
444
142
368
540
428
793
804
731
648
165
40
357
774
730
382
204
367
112
635
371
441
265
787
115
321
525
527
741
664
909
794
354
217
887
619
412
441
215
221
911
113
370
595
630
300
598
941
210
32
149
255
74
622
780
164
278
663
750
32
292
706
841
640
175
361
23
834
592
762
248
925
999
945
587
61
210
818
385
146
330
546
279
327
290
23
487
292
368
836
571
89
223
591
51
887
515
839
156
590
968
417
256
36
205
857
437
207
500
211
940
417
744
153
887
452
533
770
420
81
879
845
307
252
753
613
147
814
771
754
792
183
965
765
951
72
357
993
221
491
328
981
687
955
52
276
235
354
930
185
754
129
415
248
552
139
97
401
307
341
304
515
455
858
992
594
443
306
896
870
591
686
496
685
363
742
489
210
250
675
6
436
354
770
810
439
479
821
408
624
321
677
998
599
518
899
776
753
929
22
890
136
305
922
484
442
244
566
7
607
760
369
375
197
545
609
829
812
560
847
841
848
55
101
535
158
182
915
598
906
154
227
560
486
97
626
166
741
98
151
590
502
419
171
238
691
35
267
728
146
571
507
412
890
680
327
732
804
196
755
308
4
895
685
378
43
853
380
556
266
57
872
791
420
971
727
851
607
458
624
713
672
462
36
495
422
677
977
733
231
905
316
190
639
72
944
419
341
570
538
535
147
447
309
635
401
40
821
210
998
758
773
528
297
408
614
800
592
245
91
735
869
125
345
842
958
695
169
233
628
773
510
319
66
536
382
730
553
705
519
428
307
382
924
811
599
590
120
101
772
363
875
735
940
256
184
289
428
665
261
144
315
688
608
934
191
920
332
104
116
505
516
514
468
990
383
443
555
507
122
460
815
828
205
190
976
495
294
438
440
344
429
461
892
875
483
44
309
982
815
457
142
103
970
666
166
996
578
146
475
947
804
66
846
694
179
853
964
403
233
993
548
776
958
291
452
794
790
785
136
670
805
429
897
279
362
928
369
544
305
199
988
705
689
804
696
571
812
804
288
44
346
772
860
261
246
286
491
546
895
875
936
185
250
557
66
68
638
44
164
445
981
510
713
385
110
674
612
860
921
42
891
188
845
341
714
60
467
577
337
836
93
340
255
530
47
109
881
886
783
593
817
417
151
349
635
791
305
357
741
241
252
334
420
472
414
974
2
450
816
639
152
102
634
535
278
155
174
683
43
816
986
961
647
73
81
928
84
241
322
286
899
334
728
24
936
293
291
213
966
757
362
234
858
752
400
676
665
229
558
363
438
807
631
17
574
826
400
456
881
306
605
411
653
359
148
481
728
651
311
377
625
224
721
744
45
697
261
243
879
8
228
837
737
813
62
121
871
516
321
794
807
78
706
975
939
307
139
513
870
825
425
112
232
85
108
644
729
621
552
101
778
892
447
318
226
64
113
869
702
413
601
691
36
372
893
298
183
664
49
211
94
933
13
821
913
139
289
243
95
674
990
648
774
228
699
70
316
936
963
191
252
132
7
879
655
836
378
905
838
814
478
539
231
342
319
56
410
763
363
462
148
561
783
417
55
495
922
494
424
390
822
908
211
548
684
42
136
189
314
170
947
177
389
117
363
667
635
219
478
489
387
361
504
236
350
886
694
453
937
188
439
966
657
872
209
717
630
154
275
8
764
363
307
330
295
439
776
856
592
394
256
760
542
630
438
595
47
773
581
148
909
662
346
897
927
615
178
67
674
497
660
588
11
181
431
671
103
121
358
892
733
60
550
495
456
35
79
882
958
891
878
896
647
589
664
11
11
481
723
951
231
841
476
492
359
895
508
195
764
833
889
635
27
985
723
751
796
151
529
55
415
405
900
380
330
785
59
92
398
496
563
988
492
258
194
942
526
728
953
348
460
290
649
66
383
232
704
886
707
815
670
861
917
805
869
859
214
952
396
444
182
184
629
323
662
295
686
388
571
785
613
927
742
125
2
363
9
417
243
656
973
600
614
795
814
131
659
964
40
203
592
53
448
103
452
357
867
579
997
544
258
166
745
317
941
781
493
580
944
751
697
776
192
966
207
730
598
445
468
390
949
691
125
919
777
827
83
701
924
183
101
549
663
957
664
792
133
730
395
629
278
761
227
730
756
104
109
15
620
310
57
794
276
477
239
655
133
125
902
873
1000
189
410
849
94
626
487
492
316
355
171
286
957
828
558
402
495
903
781
538
276
801
339
151
810
522
260
884
695
577
939
102
879
57
278
202
751
560
628
480
848
3
47
64
771
514
498
950
369
64
343
289
380
786
901
341
38
823
77
526
114
764
633
180
71
829
682
447
196
414
498
817
951
604
681
110
576
884
942
295
422
744
869
907
837
166
564
422
232
612
573
413
922
465
243
337
411
758
952
810
223
415
302
924
791
821
160
325
916
8
477
508
105
893
380
921
249
517
201
120
642
310
214
397
281
590
796
972
39
966
726
354
390
681
659
940
432
654
645
533
268
657
152
802
975
146
574
362
682
620
411
764
228
721
123
569
624
941
875
211
752
713
503
815
340
679
437
89
669
890
184
947
445
965
221
78
727
288
938
948
831
149
827
141
35
28
724
648
530
960
382
178
699
469
274
927
164
272
156
707
172
338
604
311
708
519
821
813
299
898
648
9
11
52
49
847
399
951
949
318
589
798
710
813
468
915
105
537
401
474
111
615
868
241
52
962
575
189
342
467
169
863
6
913
745
447
60
654
236
686
471
684
413
454
423
617
322
16
762
315
215
323
374
809
295
67
570
780
358
537
549
731
980
540
797
403
576
52
451
654
966
643
308
325
634
132
656
679
574
50
841
228
351
751
363
79
802
204
875
217
572
945
185
711
800
146
713
387
292
216
31
490
650
558
497
997
584
886
328
376
451
14
662
545
144
878
702
159
454
956
468
519
66
634
427
87
245
783
888
670
651
641
856
469
917
929
824
629
390
121
464
224
915
686
947
788
188
208
635
860
358
673
807
403
334
530
268
520
341
308
432
725
813
571
511
617
821
989
141
164
556
635
628
543
775
62
532
43
903
778
14
846
724
862
431
34
491
209
273
675
825
68
877
432
375
278
332
146
81
630
443
707
379
644
638
828
618
22
181
769
185
5
930
619
888
752
362
781
882
382
469
774
241
67
923
347
195
953
356
53
198
373
484
190
208
929
43
223
519
916
214
605
842
352
952
577
3
22
543
565
216
371
455
184
996
266
47
818
21
585
834
415
238
267
361
706
892
967
974
958
89
424
848
913
626
207
539
118
57
733
374
800
782
589
185
450
642
371
644
482
587
635
739
960
690
330
746
652
662
872
116
488
936
58
567
236
895
577
334
423
176
313
570
827
693
62
435
480
341
780
870
638
266
678
247
668
897
321
154
19
643
271
704
852
115
704
255
734
519
370
240
70
988
339
428
776
101
824
282
588
652
710
12
469
700
963
935
110
133
232
745
562
441
704
910
520
451
573
652
837
504
27
226
21
205
635
692
624
826
936
185
31
371
790
977
667
202
321
296
854
52
878
518
562
461
136
437
852
91
700
949
607
500
755
710
914
565
224
124
419
504
308
653
544
489
620
365
122
783
537
839
880
703
340
686
856
247
322
356
974
13
278
867
647
649
525
93
187
636
913
613
505
21
974
557
930
921
697
888
847
725
58
368
859
978
86
576
243
87
75
776
966
390
651
295
244
796
817
653
250
848
421
757
645
129
20
351
417
674
282
116
808
109
806
694
161
432
889
199
364
79
784
431
798
399
520
673
618
911
719
435
834
390
926
11
780
362
70
510
125
150
611
379
61
222
572
306
704
712
487
505
564
285
617
656
895
690
53
554
198
53
944
200
448
209
849
674
523
677
955
110
327
301
359
289
591
179
935
56
860
377
626
912
2
180
504
801
476
174
755
901
499
434
172
68
105
685
524
79
792
601
33
586
22
744
860
762
982
300
357
135
294
1000
481
398
628
612
979
806
280
817
375
895
889
549
184
263
829
876
49
815
968
253
920
629
301
251
287
277
254
674
99
820
200
761
904
938
496
838
902
973
458
988
251
922
744
302
976
102
950
493
700
846
735
944
930
544
34
831
671
123
445
732
271
426
19
413
230
431
346
919
7
932
898
971
666
842
639
421
670
382
663
824
195
77
568
764
452
724
326
996
857
702
451
995
861
939
676
868
340
550
305
341
292
552
14
206
913
548
360
10
383
118
793
561
203
507
194
938
695
573
179
946
89
164
331
946
373
184
234
145
781
55
981
531
977
600
765
889
938
616
483
122
823
542
857
900
704
5
586
88
858
415
911
117
771
362
831
212
466
954
763
569
757
240
92
455
871
931
227
62
863
545
748
191
482
870
513
277
264
56
992
443
463
358
980
2
319
111
666
806
50
733
195
587
693
136
538
335
364
895
654
979
611
119
473
285
523
474
182
938
931
1
712
563
308
93
292
837
906
285
746
483
220
991
54
411
100
786
354
866
985
58
578
232
385
59
88
210
722
880
429
550
933
321
682
510
76
594
148
544
627
19
761
897
456
278
883
442
887
943
51
588
340
503
688
81
964
866
58
922
805
890
393
452
360
500
589
593
999
542
243
106
923
932
571
744
257
451
179
990
10
673
868
106
597
345
704
423
794
315
395
36
471
124
687
441
439
843
182
409
416
590
908
356
311
109
618
905
463
860
512
20
58
522
105
527
46
347
694
222
792
535
948
329
862
710
517
17
451
751
244
814
865
869
915
57
679
836
570
539
180
284
96
849
49
934
923
90
234
150
929
800
920
936
762
415
347
534
28
671
994
837
464
564
861
67
619
767
519
410
475
324
562
851
874
780
958
9
695
148
417
544
315
626
257
255
112
546
653
703
38
563
268
936
134
442
47
89
563
172
581
393
591
353
682
943
556
335
495
745
573
849
999
666
161
990
112
18
108
838
9
991
740
346
677
225
994
32
820
516
132
671
401
463
215
365
433
363
219
55
90
211
425
163
107
835
767
636
342
847
288
191
489
933
492
733
746
74
580
762
259
255
408
63
217
896
414
806
738
843
25
58
167
94
550
947
902
440
576
555
569
200
678
998
620
872
268
655
774
779
955
529
925
110
243
526
751
93
880
189
686
674
905
756
154
631
293
553
773
414
714
181
867
440
763
268
258
848
501
537
601
570
257
439
401
582
93
695
700
707
146
664
550
735
814
777
183
931
323
556
969
968
135
875
391
467
156
815
678
459
66
484
723
769
28
39
979
287
760
670
904
190
926
273
756
418
374
847
745
350
864
832
956
491
982
826
38
331
260
757
221
401
832
639
157
271
19
632
737
555
970
379
469
741
646
814
249
762
535
221
463
393
657
190
806
825
804
349
888
617
207
321
926
711
30
247
776
451
88
262
378
774
288
505
988
106
692
993
389
96
347
908
560
856
195
454
306
483
357
206
356
554
42
895
340
100
529
587
658
66
717
792
581
678
827
854
820
242
190
324
269
262
253
653
508
566
922
514
233
785
498
222
640
593
852
257
287
816
923
272
441
916
14
993
68
248
375
261
633
415
750
494
409
162
969
91
654
577
892
650
2
884
405
424
608
110
929
256
116
122
31
35
324
26
73
404
99
102
203
985
67
146
330
425
447
400
225
133
690
37
72
56
936
305
281
58
334
106
892
756
746
582
555
185
569
829
155
272
771
610
380
922
826
190
340
857
630
623
523
730
60
500
417
690
885
717
275
309
158
759
721
507
723
366
123
786
440
181
386
972
14
12
175
976
307
421
170
390
666
802
350
975
630
848
981
835
90
150
657
771
161
237
139
465
388
290
859
476
925
887
690
512
156
731
261
2
252
80
922
884
60
785
245
176
825
238
443
611
610
562
425
476
622
426
855
231
24
869
208
695
499
596
738
404
542
732
882
391
781
17
410
89
244
957
898
651
664
783
726
833
668
742
542
882
455
646
413
803
153
945
697
368
27
517
912
228
391
487
169
990
808
377
204
128
422
377
37
985
813
224
41
167
814
602
674
612
213
16
507
309
916
531
404
576
861
552
144
220
475
150
452
721
218
313
877
549
980
832
516
293
524
53
577
537
601
695
837
507
810
192
526
509
207
24
766
368
758
419
631
31
678
431
209
528
344
260
711
135
729
245
948
398
176
908
979
426
601
947
906
359
284
999
567
47
917
928
55
113
988
346
529
363
133
779
257
52
738
998
666
839
87
483
654
788
26
219
420
66
113
787
920
758
724
408
467
79
554
671
573
225
929
662
327
142
480
387
89
113
57
788
306
233
738
59
621
852
775
218
995
46
944
531
789
895
711
168
67
568
61
487
739
489
146
582
558
514
375
935
711
171
41
692
540
240
605
81
879
595
478
658
515
287
640
158
725
734
215
964
717
909
692
571
24
970
54
852
157
923
383
507
168
412
773
155
333
644
486
300
349
367
22
972
390
11
45
603
618
5
281
184
141
229
131
938
734
162
887
879
746
285
687
535
748
315
508
146
271
550
20
424
177
477
800
296
196
55
377
544
116
830
504
560
851
967
880
410
293
133
916
413
466
832
279
377
336
327
637
744
910
968
787
858
577
420
941
499
985
563
788
285
214
938
108
238
44
52
456
36
245
493
737
685
980
33
162
641
665
563
472
77
106
870
776
174
261
953
438
523
931
808
711
414
755
589
16
749
687
107
949
101
394
260
704
432
19
324
298
55
289
441
628
597
548
573
599
637
390
454
95
744
822
592
985
355
726
828
681
775
995
498
773
868
483
549
891
35
175
857
561
847
344
818
809
195
426
631
310
331
182
408
814
503
214
708
134
519
294
554
815
629
810
973
23
606
266
605
708
148
715
932
509
434
342
932
128
999
6
698
391
822
613
183
980
469
499
655
69
405
217
818
101
362
824
843
816
612
598
8
749
195
691
909
362
239
68
865
168
744
455
411
362
705
109
974
368
749
52
854
960
975
229
462
384
841
169
365
378
166
10
103
398
790
766
152
692
415
671
998
233
808
120
419
1000
767
735
276
538
371
756
958
580
101
844
660
21
196
781
727
212
473
183
843
672
604
18
994
618
476
515
618
155
182
496
608
993
475
7
970
389
144
978
677
480
311
93
571
854
731
531
164
754
553
942
308
840
983
995
87
501
545
837
156
714
113
737
743
795
248
152
805
850
453
646
564
282
899
311
371
271
223
237
293
904
745
706
779
736
280
11
980
670
32
557
613
923
185
950
897
875
988
595
715
723
854
75
821
813
83
594
694
285
748
335
176
145
678
671
426
41
74
61
375
784
793
157
577
420
711
832
235
252
900
186
34
172
881
624
916
694
169
984
218
834
416
507
106
95
395
958
216
663
204
80
78
188
453
676
866
499
880
549
702
927
190
631
332
92
697
23
762
80
737
986
393
682
760
778
857
117
700
554
432
39
295
231
705
36
492
746
885
561
925
722
910
875
504
287
587
671
332
919
492
695
21
117
697
346
472
117
745
55
927
955
412
651
426
82
852
202
439
872
577
39
995
604
680
513
263
49
583
768
677
380
73
152
831
496
637
697
828
269
656
315
660
890
994
966
226
924
412
921
619
776
816
376
869
539
31
161
632
528
268
693
650
979
766
168
902
655
790
136
899
277
556
52
192
339
812
406
146
825
374
818
597
801
559
763
715
638
300
373
781
889
975
569
62
169
914
470
646
908
452
488
58
339
739
974
12
57
151
573
180
250
805
107
58
216
150
851
8
797
598
522
926
878
112
472
682
975
701
508
825
334
879
784
851
593
468
867
223
945
132
978
520
128
459
97
846
849
561
663
885
129
922
859
825
906
161
390
316
530
271
553
574
286
3
797
780
220
75
648
982
617
98
17
567
668
812
256
216
426
185
218
22
823
640
964
735
969
249
631
799
28
785
968
84
636
799
94
771
619
717
106
728
27
899
492
27
282
853
791
441
873
813
794
354
499
430
662
776
496
411
240
752
471
188
355
969
692
864
211
363
11
464
884
476
278
122
591
219
790
970
566
631
117
599
33
573
47
164
86
744
458
345
972
256
527
373
260
122
881
51
705
351
1000
192
563
705
440
346
237
326
480
282
260
684
44
263
102
107
659
306
861
874
692
647
358
113
780
502
656
290
835
695
296
289
321
461
611
844
625
6
611
222
275
217
31
470
902
742
622
715
378
866
474
103
534
706
145
137
912
160
131
934
234
631
976
57
75
584
56
229
305
381
335
659
241
510
830
967
86
333
46
424
752
651
741
168
43
416
316
862
527
567
65
648
483
793
287
29
785
547
745
252
446
403
173
518
434
437
253
876
888
146
494
784
312
841
523
340
323
762
580
73
511
611
895
66
674
926
728
971
841
361
528
537
682
923
866
190
549
230
926
963
745
732
391
539
279
30
731
281
395
598
132
785
595
851
84
300
824
259
233
367
323
160
549
329
565
832
732
606
93
100
729
358
900
24
501
532
591
748
402
932
351
460
204
672
120
172
818
403
560
330
574
297
749
117
159
206
869
869
800
67
845
431
361
778
878
485
727
65
338
378
303
817
637
156
249
20
112
642
938
979
142
503
87
494
82
10
526
221
291
155
957
983
781
243
648
616
634
638
694
152
438
855
928
165
994
747
604
586
610
599
277
995
47
295
245
859
352
911
168
695
468
660
880
442
15
846
883
859
427
816
765
866
570
699
282
724
414
793
821
163
441
444
646
902
750
688
946
897
575
359
374
576
937
652
793
372
991
79
758
304
448
753
572
2
720
903
30
985
970
664
11
506
345
65
964
316
85
457
863
219
821
377
397
184
785
975
92
686
342
319
663
943
28
427
601
61
807
997
58
432
284
613
382
885
717
976
507
201
103
942
617
957
957
772
986
651
926
5
76
996
10
535
526
568
255
282
25
705
568
530
461
384
111
496
983
140
757
72
286
303
249
648
786
776
786
360
267
234
754
821
790
209
362
693
281
391
910
18
150
169
607
144
446
379
794
253
55
828
797
805
562
656
477
721
72
729
76
685
897
910
832
752
655
637
642
270
960
419
397
699
100
948
733
418
386
461
558
819
426
121
316
595
478
329
980
627
487
257
807
100
259
143
170
486
503
507
948
779
836
575
240
81
676
725
399
691
980
830
538
174
708
908
526
523
976
710
933
448
965
518
434
444
1
342
788
893
145
189
376
360
673
367
513
867
61
12
786
914
513
217
648
28
424
390
396
552
72
904
850
361
694
566
908
487
785
509
382
342
885
584
118
80
204
141
894
868
164
441
67
548
428
958
804
454
303
868
810
997
280
448
797
661
991
438
126
918
11
987
753
186
566
438
338
909
828
994
71
407
551
831
249
227
801
433
34
900
60
190
946
76
328
742
452
225
754
12
51
781
475
608
834
421
665
497
286
318
862
204
799
684
143
577
860
373
437
971
859
872
906
219
129
499
865
630
125
89
159
869
488
23
771
439
455
415
881
498
198
509
87
478
662
914
565
929
796
148
622
855
652
164
545
618
884
537
448
977
191
141
443
961
74
105
933
100
879
658
380
24
11
319
623
568
777
785
52
284
541
908
911
280
302
209
439
457
353
663
672
14
138
765
637
768
82
271
636
743
6
519
772
84
473
214
683
603
589
777
567
160
260
875
636
661
636
957
64
823
16
102
675
657
951
424
274
31
724
80
853
532
17
385
155
886
649
343
233
438
335
620
62
457
402
692
104
584
961
155
975
444
27
171
21
403
76
427
592
883
944
292
792
932
35
662
392
915
781
388
56
34
816
766
554
915
158
209
429
798
238
73
938
428
334
324
111
739
149
46
318
947
412
283
721
506
621
187
447
705
492
843
974
691
926
113
350
19
877
299
759
199
189
350
240
220
823
644
345
947
606
469
708
33
411
119
856
38
473
877
731
866
190
395
212
506
465
947
102
430
717
709
382
345
170
986
819
33
823
486
104
457
689
567
693
120
851
260
819
323
578
955
640
248
227
578
945
269
117
317
416
1000
491
983
162
440
639
44
766
493
190
929
625
550
276
963
993
154
510
351
695
594
938
309
435
677
216
145
54
832
874
370
162
244
133
232
362
638
64
161
160
41
677
139
619
985
672
399
547
723
20
259
783
149
794
616
420
97
122
658
810
773
610
149
843
556
472
310
62
184
480
56
186
661
654
520
998
259
608
452
272
269
424
524
841
290
240
794
75
4
401
345
456
943
598
405
498
98
195
976
487
244
154
331
430
648
189
822
556
187
867
930
67
408
400
338
570
528
828
568
48
725
111
550
358
581
857
838
516
351
286
242
257
57
817
603
928
247
389
690
649
623
376
589
292
697
739
697
446
760
532
105
403
906
728
387
38
344
519
18
8
654
915
209
529
69
755
440
76
10
939
281
972
630
84
635
322
405
210
565
53
210
657
455
457
527
446
383
342
468
460
838
519
122
401
560
513
48
466
933
635
327
349
390
84
521
140
618
630
967
465
53
662
186
497
92
431
399
32
46
853
474
821
915
512
840
534
679
448
209
4
951
305
120
772
189
619
583
601
628
289
127
934
80
592
181
909
213
335
559
243
307
441
238
410
534
711
680
650
518
624
530
285
622
662
361
357
662
796
550
807
917
361
301
425
288
811
112
552
41
422
251
20
189
403
539
762
110
314
95
510
857
763
625
2
364
824
852
112
441
396
840
672
253
452
112
724
82
324
988
851
200
80
153
918
845
535
898
910
834
55
412
537
891
197
342
39
590
619
950
612
887
665
863
723
369
470
923
501
215
126
473
614
718
306
72
353
321
707
31
53
7
127
463
722
15
935
843
175
795
495
540
319
954
727
401
160
251
167
879
513
883
105
301
287
858
877
182
397
681
46
128
267
172
998
473
851
820
483
718
804
278
996
413
864
489
20
64
360
205
344
483
851
903
631
508
303
829
789
674
788
528
54
386
732
904
477
420
664
822
53
544
681
702
183
784
974
767
202
601
223
981
936
963
215
21
979
92
547
805
63
209
375
274
476
5
160
486
692
390
531
241
976
784
747
268
369
279
365
33
183
772
405
339
408
666
379
276
81
574
750
337
81
428
345
560
1
948
249
760
715
589
19
816
851
649
758
361
281
441
176
237
418
266
568
180
531
417
749
120
970
495
655
882
802
6
789
462
182
723
596
776
50
243
496
904
978
866
650
271
332
132
726
71
231
58
953
513
278
54
749
175
855
677
851
895
584
436
442
46
486
599
732
347
479
321
655
541
559
44
841
617
78
426
71
464
225
212
714
820
519
86
455
450
666
75
824
307
661
403
915
591
802
917
237
123
828
419
822
439
24
259
551
151
735
535
848
869
440
976
547
531
352
997
90
502
291
589
334
252
423
2
469
897
575
901
537
614
968
172
947
373
830
933
950
360
201
387
354
1000
284
849
320
293
811
327
566
395
998
916
292
997
672
491
856
924
880
783
692
885
13
330
293
422
401
302
944
680
894
812
715
134
470
515
144
637
382
289
841
847
335
221
351
392
140
743
371
376
513
415
762
67
869
217
285
166
333
819
380
958
500
997
831
308
67
755
736
485
981
113
199
872
178
525
66
751
596
109
937
150
223
272
564
113
34
690
382
840
287
945
49
305
927
802
315
370
847
365
776
563
67
75
714
682
492
379
808
279
902
864
182
928
11
629
470
250
368
592
65
104
616
142
183
268
510
831
740
184
13
86
352
622
885
929
523
608
650
154
32
999
166
674
23
503
734
254
116
429
455
304
404
761
602
192
622
922
551
446
648
632
944
255
749
832
75
324
718
539
845
204
803
247
457
385
568
544
82
806
580
721
254
608
70
753
265
775
373
330
605
377
468
505
790
634
147
378
692
282
663
406
762
543
287
416
124
705
395
182
39
615
920
619
569
647
270
443
657
257
491
333
261
244
686
509
380
684
835
681
679
295
650
816
700
45
815
185
392
669
117
654
512
782
247
1
602
284
49
578
973
233
798
706
321
876
604
802
150
511
105
747
249
352
810
278
481
212
481
730
925
992
48
93
185
481
333
239
18
574
290
630
588
765
916
306
477
347
781
957
231
79
999
592
545
146
946
362
589
991
751
14
337
643
668
498
990
268
52
203
243
950
537
974
283
647
832
100
194
253
780
441
425
44
389
528
183
801
24
952
542
56
747
596
107
107
167
363
647
79
817
519
279
242
511
706
631
846
353
332
234
965
509
457
277
781
676
70
2
242
928
799
99
977
71
957
534
798
43
77
934
628
360
700
42
720
962
394
379
384
77
111
302
664
531
389
500
967
357
452
14
803
199
731
537
276
578
580
66
24
452
298
873
19
351
712
805
442
657
619
232
880
312
120
416
394
765
803
764
903
556
96
978
302
889
4
80
627
16
201
229
46
964
297
501
732
965
528
513
658
655
939
133
727
800
507
227
860
209
4
376
916
61
724
876
82
222
733
893
342
933
198
851
724
353
288
861
786
293
845
124
988
826
20
212
279
961
297
307
466
173
373
416
393
619
211
407
319
466
656
622
953
450
109
485
353
137
876
653
526
162
419
374
827
819
354
64
675
425
95
835
967
968
807
855
233
172
302
204
207
434
990
469
719
385
665
318
765
191
828
428
652
591
260
493
169
825
642
604
246
130
263
202
648
369
208
595
829
402
6
268
557
791
848
297
346
741
297
59
941
337
352
858
469
160
776
494
294
845
826
143
676
124
875
143
107
609
606
67
929
516
90
741
771
557
544
122
515
268
45
434
58
712
324
488
24
193
665
480
507
535
3
259
832
787
639
142
130
300
111
279
830
933
67
975
190
730
223
21
745
584
948
184
218
272
799
859
711
879
374
935
862
446
96
358
763
133
158
119
637
887
606
165
446
781
474
376
600
507
766
291
114
62
589
397
799
322
285
589
483
188
448
764
714
954
405
519
800
680
633
315
899
187
186
939
563
328
818
211
204
478
132
774
310
159
590
272
123
272
308
52
200
473
591
945
418
927
667
162
18
31
260
392
230
840
769
855
458
186
526
537
461
490
968
754
387
813
458
556
114
235
561
315
306
349
855
116
633
141
529
257
751
540
523
752
298
761
899
326
813
470
143
175
827
442
659
149
954
638
513
750
648
612
298
220
954
214
263
412
230
698
385
172
977
457
12
614
668
666
537
61
519
837
45
133
749
22
925
724
729
23
749
712
807
717
280
54
729
926
155
935
831
707
31
624
847
269
879
367
202
566
482
63
959
673
79
301
697
285
569
423
264
457
720
249
559
101
364
250
696
904
270
96
968
992
186
454
476
305
468
947
516
424
337
519
249
950
815
986
356
406
892
563
896
988
217
34
796
275
867
63
827
766
76
599
110
300
302
524
979
280
988
355
503
815
653
695
450
639
481
341
902
53
60
915
649
475
592
123
555
599
67
671
573
670
95
474
124
567
644
234
648
150
674
864
255
534
572
295
231
553
196
596
243
703
458
68
206
364
748
993
168
244
980
68
462
560
398
72
163
273
212
756
845
625
892
702
16
604
54
775
244
772
668
387
617
208
50
611
961
656
561
660
443
610
656
516
503
27
20
94
635
265
280
149
32
726
454
120
680
867
999
205
841
885
380
164
895
533
686
294
97
614
375
461
597
862
478
809
117
443
120
6
144
360
612
304
189
173
109
47
860
193
338
923
751
488
125
376
430
271
629
430
640
739
639
30
967
23
418
451
748
244
282
394
285
357
548
63
871
908
453
121
11
607
679
571
649
859
411
112
661
189
804
831
356
999
46
400
580
590
763
157
748
934
705
126
990
21
628
696
225
23
169
870
855
346
245
181
71
137
882
972
546
327
268
341
63
648
903
99
426
919
373
304
373
710
746
197
171
123
350
801
721
259
578
457
962
635
776
663
854
264
27
359
130
955
234
534
415
525
80
815
369
507
770
622
920
265
167
309
376
404
219
346
102
999
488
158
375
246
503
508
536
990
185
667
967
439
91
788
671
323
881
147
750
444
440
183
658
114
115
468
889
699
492
365
990
67
272
365
77
524
871
799
379
400
602
711
651
378
433
27
945
780
381
9
615
129
145
433
116
355
471
978
82
777
169
815
28
453
699
940
940
502
410
759
437
564
527
905
817
320
568
481
523
144
829
20
718
537
658
571
756
753
326
484
531
10
61
477
92
669
626
422
214
997
879
663
569
253
242
829
165
107
252
737
267
496
975
259
635
384
961
800
633
695
743
18
483
382
267
587
100
131
403
724
433
946
87
438
936
835
921
487
674
310
698
353
644
967
403
342
482
687
945
942
401
57
104
293
353
345
452
485
855
909
756
478
317
795
659
352
52
591
439
434
185
135
31
482
823
908
914
32
553
435
415
903
730
40
843
259
151
306
670
257
713
23
424
313
587
714
488
467
774
767
389
277
680
60
393
444
864
507
38
577
135
583
633
847
902
561
343
787
648
160
263
415
901
309
531
421
895
309
988
645
825
153
949
394
617
701
708
999
273
533
480
629
198
249
213
451
36
601
564
125
439
192
632
608
778
360
957
729
739
650
741
449
486
760
749
151
852
706
468
629
991
618
298
202
118
399
680
751
52
367
267
277
433
203
590
58
314
345
637
22
114
821
285
366
293
468
618
906
958
946
206
935
932
979
148
769
458
41
546
777
797
354
280
354
504
557
598
9
106
362
377
467
663
734
355
72
579
264
493
467
517
765
722
915
754
566
169
327
348
694
685
902
136
48
607
569
107
199
199
476
996
754
937
248
633
111
270
247
933
739
300
513
635
86
142
896
815
565
85
111
983
261
441
389
631
72
111
264
564
792
67
825
46
828
46
348
523
488
135
59
413
277
322
143
176
613
988
613
28
615
760
380
360
36
571
98
610
534
457
493
457
426
101
393
111
27
386
7
992
378
362
365
134
956
408
827
983
980
474
489
533
720
241
29
144
600
999
432
547
237
113
314
651
530
706
426
829
149
341
561
965
239
334
926
499
708
246
911
270
16
432
621
390
281
335
823
394
217
32
569
578
331
741
645
957
615
410
875
310
427
170
263
641
990
34
485
475
924
187
374
647
209
688
869
176
38
656
655
631
607
610
44
281
568
650
412
38
4
607
16
546
934
273
145
900
89
354
869
505
99
566
615
831
71
650
594
292
52
848
63
470
687
642
871
809
871
116
263
233
816
131
565
582
285
911
62
776
317
408
601
670
471
914
856
371
494
29
115
286
782
578
240
51
72
143
442
836
578
927
597
164
836
498
674
346
36
178
958
547
140
130
943
718
537
922
170
6
683
113
261
402
629
194
693
842
804
651
475
906
783
490
399
153
96
751
179
304
113
961
79
625
176
927
387
810
545
521
846
443
481
31
173
88
669
707
294
608
885
408
49
717
284
651
626
303
436
679
578
405
982
445
266
99
310
737
248
860
600
615
299
861
170
321
375
292
969
300
431
705
604
545
525
233
644
527
816
864
719
140
369
489
2
273
622
244
875
844
84
477
977
208
961
424
169
857
91
734
513
193
275
999
107
10
191
903
787
164
807
187
339
327
99
422
75
187
394
122
990
688
570
748
904
72
691
745
521
211
545
15
476
942
204
305
855
961
18
958
614
72
133
312
929
389
507
838
31
44
420
716
942
380
285
615
230
314
314
265
503
690
205
153
760
690
693
5
230
88
762
270
757
610
870
21
677
472
764
769
957
142
842
477
968
7
193
83
926
347
964
606
100
207
977
366
54
277
289
880
316
946
334
550
750
214
979
871
540
69
520
310
89
465
478
940
286
477
150
532
112
659
98
718
578
222
334
787
85
295
172
837
170
735
728
934
938
965
488
510
37
590
259
993
809
189
59
289
670
750
231
238
612
558
607
59
876
6
914
123
336
92
871
392
894
343
936
534
689
805
969
856
647
174
636
265
675
53
890
680
3
440
321
749
284
521
92
475
777
182
599
627
443
542
92
912
514
603
337
441
30
341
959
704
650
185
139
900
712
527
181
396
375
118
368
953
997
764
978
730
830
880
855
921
435
8
827
931
972
294
407
60
394
843
644
796
468
479
977
694
770
955
924
840
27
869
667
128
878
126
92
81
241
616
572
137
102
378
271
340
920
741
938
881
103
806
251
855
17
132
972
703
363
866
760
251
424
593
538
783
352
230
575
943
427
720
247
372
554
670
422
85
637
833
256
854
443
413
543
597
723
265
745
396
650
107
962
521
803
879
978
29
358
162
172
357
580
825
359
270
931
841
204
800
255
180
114
608
606
163
988
632
543
544
161
744
502
699
964
19
245
127
184
753
845
58
539
212
318
475
377
131
457
361
741
558
712
44
478
629
60
550
264
659
784
515
99
504
936
571
656
350
378
564
554
433
188
342
891
65
607
368
166
141
769
731
943
405
265
715
724
318
202
72
72
37
467
537
941
75
58
973
766
694
967
335
23
334
259
32
794
796
167
206
222
406
80
49
580
871
19
464
514
532
882
506
812
200
497
154
691
704
139
768
670
530
500
15
640
734
299
109
722
875
342
286
904
888
259
622
206
708
489
658
954
119
776
974
462
746
519
693
309
800
762
708
330
74
220
517
335
38
326
99
329
631
470
235
987
1000
226
640
726
88
983
818
758
447
847
146
243
971
697
415
562
837
403
389
250
65
756
998
657
514
78
117
295
260
293
146
795
164
205
509
196
494
814
488
381
81
451
560
697
569
546
124
594
182
772
855
264
113
254
550
959
261
480
3
6
250
582
37
682
487
997
893
302
939
346
980
385
709
986
561
16
76
482
785
970
342
248
239
232
183
617
844
37
484
699
750
199
527
385
16
36
134
117
282
847
329
535
735
913
834
553
86
457
104
55
117
370
128
406
1
147
572
895
313
119
221
133
520
56
720
58
413
9
997
310
649
901
136
418
468
203
599
941
763
324
776
764
5
54
822
115
556
808
662
822
559
264
614
990
213
263
685
708
911
366
173
143
857
240
1000
483
593
699
458
932
378
763
970
946
847
29
834
915
267
131
982
658
378
394
348
784
798
62
671
587
153
283
744
781
707
573
176
250
972
176
987
318
790
434
985
299
506
690
190
414
777
676
795
212
790
224
423
940
700
342
325
876
785
773
718
485
933
587
228
675
373
314
704
907
348
825
165
145
347
153
962
947
442
382
175
523
159
93
279
64
485
622
951
113
699
1
893
874
914
106
134
631
307
488
764
68
27
499
384
969
982
898
993
916
476
958
108
676
462
415
718
886
256
659
790
681
613
462
535
336
722
496
732
957
246
964
451
746
816
15
756
593
6
611
473
131
742
979
478
592
856
83
60
541
312
73
659
370
398
380
89
703
657
402
380
6
948
754
135
197
12
96
492
518
488
53
886
898
44
513
365
912
735
181
979
820
405
901
568
856
457
223
18
116
187
755
395
961
829
87
616
730
911
461
772
717
23
933
924
695
208
645
269
743
539
356
657
148
747
768
707
887
987
538
780
608
647
261
791
145
385
26
576
772
382
223
45
139
36
1
829
126
465
629
859
231
245
505
317
287
684
408
453
514
949
971
320
707
987
687
190
317
356
502
913
555
952
878
90
977
187
873
768
353
978
250
871
137
613
779
924
820
662
915
524
654
661
187
82
139
566
936
28
453
24
296
345
167
663
615
601
943
35
616
732
704
561
5
86
518
324
228
272
996
953
352
131
750
416
47
732
6
48
267
922
218
239
159
289
624
826
671
214
594
687
318
520
979
922
87
830
940
936
340
775
836
865
496
267
257
470
276
406
779
56
571
991
461
305
695
596
231
705
17
860
234
858
236
452
346
397
473
690
569
348
197
6
624
326
39
273
252
465
714
416
242
211
342
17
11
689
143
756
705
379
543
216
700
197
912
665
80
420
387
180
833
539
906
262
681
767
804
169
766
146
582
248
440
295
26
572
105
646
974
405
471
549
292
521
657
412
128
659
849
140
537
776
208
920
490
38
486
979
714
504
547
832
359
729
268
269
660
911
37
846
214
674
858
743
987
392
566
245
842
42
37
543
782
724
368
367
990
254
207
588
252
682
11
63
782
716
571
205
720
121
411
256
612
733
462
82
984
659
439
690
898
920
310
200
519
970
955
279
136
22
536
52
208
963
710
133
874
397
126
382
144
140
934
800
712
227
363
514
760
159
823
609
852
793
801
114
483
35
588
809
111
652
175
93
275
204
94
537
86
242
328
905
706
187
442
932
101
190
928
199
107
6
841
365
139
40
778
602
563
691
450
889
166
288
923
373
141
999
4
7
222
815
220
82
759
865
764
205
456
710
888
519
87
327
683
769
435
467
117
239
127
120
386
40
889
772
531
957
799
449
152
707
256
760
630
818
257
653
10
124
339
418
230
5
93
117
164
149
727
529
778
881
598
294
758
779
1000
175
52
247
599
791
874
34
250
595
359
422
802
533
211
485
537
243
531
602
621
917
590
755
691
450
810
386
99
332
93
638
529
159
127
66
523
511
553
437
942
669
5
239
107
248
758
275
271
178
123
241
523
485
313
459
612
760
359
659
702
119
816
773
793
526
26
961
433
97
32
527
316
601
849
958
681
942
441
662
800
433
413
7
650
314
655
272
243
426
131
385
803
262
837
564
238
443
161
406
245
148
61
363
854
544
774
907
251
382
341
234
376
762
794
591
199
939
211
339
31
557
751
155
530
778
456
516
402
253
690
69
404
791
229
946
153
202
680
535
777
651
744
487
606
781
456
28
209
373
805
279
578
845
250
636
726
973
327
702
364
352
105
822
767
741
487
978
392
191
261
997
575
576
25
2
4
718
485
466
381
842
539
515
430
902
295
350
352
676
18
991
907
38
290
493
123
206
893
250
977
830
690
622
354
175
828
734
707
67
259
4
641
994
853
46
696
343
772
929
902
458
719
624
844
850
303
817
88
850
903
881
135
165
27
43
42
329
256
482
593
357
945
717
274
337
401
573
279
154
167
882
181
438
110
616
179
831
574
54
127
394
146
380
250
754
303
836
198
609
603
872
984
624
645
713
904
446
352
80
394
567
289
844
92
323
415
276
982
577
184
330
984
340
584
220
815
703
289
931
526
608
524
807
439
524
419
700
993
9
954
36
894
517
819
429
535
865
574
619
633
29
617
176
140
844
67
513
682
466
783
390
19
985
317
449
613
663
788
193
259
108
792
839
393
1
14
269
742
906
109
679
81
460
950
569
760
941
302
450
340
606
812
637
532
48
525
886
490
289
576
937
86
403
601
629
903
414
679
532
243
338
556
594
585
775
125
833
66
79
773
849
71
225
201
720
503
87
12
96
858
28
55
321
158
227
24
690
237
948
587
330
823
330
851
859
832
122
815
121
362
946
303
51
996
770
90
546
357
472
971
384
72
332
225
47
134
452
379
360
214
296
569
896
53
634
631
490
847
144
55
191
147
514
806
363
166
85
397
175
91
251
762
36
964
994
832
246
452
200
305
576
447
909
70
163
164
370
549
141
154
482
296
195
774
826
187
129
951
284
565
132
936
213
265
436
964
380
518
475
21
44
102
260
675
719
541
375
718
52
637
875
706
98
293
660
645
392
297
313
528
14
279
449
235
674
664
136
193
560
704
284
353
244
384
376
885
528
513
157
939
170
831
931
375
553
210
387
425
300
65
85
843
339
242
291
51
806
349
53
120
421
818
421
921
433
553
217
569
111
212
276
924
299
944
386
78
168
363
121
613
64
291
93
934
399
603
618
909
418
933
102
181
369
358
583
325
937
523
283
160
204
406
231
206
39
437
238
627
530
896
428
401
474
968
691
711
338
137
467
614
575
383
445
897
885
787
879
752
301
185
207
831
807
567
771
400
884
334
568
939
593
381
381
767
97
952
84
147
275
42
587
982
329
377
78
797
882
936
102
640
780
803
4
83
641
921
808
67
380
385
734
997
19
824
424
801
698
467
605
925
498
613
369
209
862
979
126
89
72
795
209
856
726
698
512
595
624
377
876
669
963
592
937
19
929
115
245
629
924
648
932
232
95
515
415
431
755
685
20
341
948
172
252
246
28
925
263
135
392
288
865
903
886
176
745
755
951
449
320
269
709
95
217
39
611
303
711
377
28
935
412
387
454
885
989
392
40
668
253
650
459
111
128
882
978
242
745
66
809
127
377
241
250
660
458
248
274
873
609
456
590
458
855
444
137
698
511
725
61
269
237
456
339
358
983
112
82
980
627
374
199
777
156
178
754
86
829
551
291
737
566
961
51
761
932
113
597
30
473
347
236
505
340
879
576
164
434
810
694
275
733
603
49
591
973
272
516
450
677
294
655
978
898
933
509
20
44
981
30
819
954
162
795
14
593
507
218
38
731
499
994
631
900
214
73
826
444
942
413
718
332
165
957
367
768
325
690
223
347
334
645
558
362
451
680
794
351
729
428
236
727
621
21
407
232
181
591
656
768
138
116
24
169
934
618
396
416
998
761
622
726
756
484
924
598
644
463
120
888
152
668
132
469
839
183
694
459
925
230
629
222
773
495
382
881
557
508
527
160
413
470
545
119
462
455
831
393
124
954
60
145
688
854
43
537
73
410
939
141
27
427
739
374
293
437
477
218
409
73
61
620
358
832
327
721
781
583
298
557
350
196
979
333
712
841
902
375
933
804
51
499
207
591
445
185
881
30
554
239
663
609
47
357
551
691
947
700
672
547
824
871
997
487
786
137
918
547
919
819
803
850
882
31
467
436
821
874
625
781
935
892
961
738
768
352
668
234
71
783
609
199
771
793
980
220
352
42
921
692
865
511
423
547
242
509
417
705
284
687
299
373
629
861
140
696
900
878
976
311
906
586
185
166
587
178
223
576
297
955
677
633
643
509
113
951
704
535
501
230
512
220
998
643
315
306
941
146
583
950
912
959
511
970
660
361
460
392
215
918
661
450
363
767
887
243
283
572
341
599
316
320
891
451
332
460
891
536
734
530
202
510
645
471
704
812
517
325
949
407
69
177
234
710
812
561
737
269
861
654
495
347
611
270
527
920
250
514
137
654
990
261
875
99
475
119
787
556
973
456
745
182
106
632
158
459
599
185
98
306
346
44
849
207
720
818
150
599
620
566
136
279
553
871
662
986
448
625
185
752
236
870
347
432
473
668
986
29
687
835
220
956
912
235
472
814
813
468
718
443
863
319
583
241
612
397
878
906
216
3
617
926
559
543
687
948
325
94
249
746
580
342
335
423
932
93
669
274
611
569
464
733
554
913
398
515
176
603
771
518
576
730
512
869
835
990
855
832
558
547
85
554
608
420
903
892
990
180
990
246
972
160
154
18
681
262
67
590
331
596
987
964
955
358
595
630
199
204
429
3
218
453
264
341
899
842
684
67
15
465
846
629
948
945
151
419
23
560
653
647
438
555
198
936
755
192
952
353
56
776
652
199
464
601
454
117
530
94
893
865
766
261
249
809
837
740
353
9
300
787
597
624
403
93
354
117
895
686
169
540
77
254
130
632
454
734
370
650
465
871
239
138
503
928
490
45
745
456
995
984
803
869
895
638
15
575
227
872
489
399
798
311
263
93
695
823
399
306
409
864
424
580
535
919
257
21
642
261
658
266
194
215
896
679
785
228
897
166
769
133
288
565
491
